Node 0 1,1 99,1 364,1 213,1
Node 1 0,1 65,1 2,1
Node 2 1,1 3,1 443,1 190,1 281,1
Node 3 2,1 4,1
Node 4 323,1 51,1 282,1 3,1 5,1
Node 5 248,1 392,1 4,1 6,1
Node 6 404,1 5,1 54,1 7,1
Node 7 8,1 6,1
Node 8 176,1 9,1 84,1 7,1
Node 9 8,1 10,1
Node 10 440,1 9,1 11,1 7,1
Node 11 10,1 12,1
Node 12 368,1 472,1 57,1 10,1 11,1 13,1
Node 13 41,1 2,1 12,1 253,1 14,1
Node 14 440,1 267,1 381,1 13,1 15,1
Node 15 16,1 14,1
Node 16 405,1 17,1 197,1 15,1
Node 17 16,1 18,1 271,1 23,1
Node 18 192,1 17,1 19,1
Node 19 160,1 18,1 59,1 20,1 499,1
Node 20 286,1 19,1 52,1 21,1 388,1 11,1 94,1 14,1
Node 21 20,1 22,1
Node 22 161,1 159,1 21,1 23,1
Node 23 24,1 17,1 22,1
Node 24 25,1 75,1 374,1 23,1
Node 25 24,1 26,1
Node 26 25,1 27,1 260,1
Node 27 26,1 28,1 47,1
Node 28 272,1 193,1 27,1 29,1
Node 29 158,1 42,1 28,1 106,1 30,1 301,1
Node 30 3,1 29,1 31,1
Node 31 32,1 277,1 30,1 390,1
Node 32 96,1 33,1 484,1 38,1 134,1 305,1 31,1
Node 33 32,1 212,1 34,1 108,1
Node 34 480,1 33,1 35,1 456,1 182,1 232,1
Node 35 24,1 128,1 34,1 36,1 234,1
Node 36 81,1 35,1 37,1 393,1
Node 37 34,1 459,1 36,1 38,1
Node 38 32,1 37,1 198,1 39,1
Node 39 40,1 38,1
Node 40 41,1 49,1 39,1
Node 41 40,1 42,1 13,1 198,1
Node 42 41,1 43,1 29,1
Node 43 42,1 44,1 54,1
Node 44 43,1 45,1
Node 45 330,1 44,1 46,1
Node 46 45,1 37,1 392,1 431,1 47,1 253,1 367,1
Node 47 48,1 27,1 46,1 235,1
Node 48 49,1 95,1 381,1 310,1 47,1
Node 49 40,1 48,1 50,1
Node 50 49,1 51,1 187,1
Node 51 52,1 50,1 4,1
Node 52 51,1 20,1 53,1 211,1
Node 53 52,1 54,1
Node 54 43,1 53,1 6,1 55,1
Node 55 56,1 429,1 54,1
Node 56 57,1 386,1 109,1 55,1
Node 57 56,1 58,1 12,1 158,1
Node 58 131,1 169,1 57,1 59,1 12,1 15,1
Node 59 58,1 19,1 60,1 431,1
Node 60 460,1 50,1 59,1 444,1 61,1
Node 61 281,1 114,1 155,1 60,1 62,1
Node 62 61,1 6,1 63,1
Node 63 64,1 380,1 62,1
Node 64 65,1 20,1 308,1 63,1
Node 65 64,1 1,1 66,1 302,1
Node 66 65,1 67,1 430,1 239,1
Node 67 377,1 66,1 68,1 341,1
Node 68 67,1 244,1 69,1 341,1
Node 69 392,1 11,1 68,1 342,1 70,1
Node 70 69,1 71,1
Node 71 40,1 72,1 70,1 399,1
Node 72 160,1 73,1 369,1 71,1
Node 73 176,1 499,1 423,1 72,1 281,1 74,1
Node 74 123,1 73,1 426,1 75,1 291,1
Node 75 24,1 74,1 76,1 477,1
Node 76 157,1 165,1 75,1 77,1 111,1
Node 77 409,1 204,1 76,1 78,1 345,1
Node 78 485,1 264,1 79,1 109,1 77,1 383,1
Node 79 80,1 86,1 78,1 341,1
Node 80 324,1 81,1 60,1 318,1 79,1
Node 81 80,1 249,1 82,1 36,1 306,1
Node 82 81,1 83,1 285,1 361,1
Node 83 397,1 82,1 84,1 141,1 327,1
Node 84 8,1 83,1 387,1 85,1
Node 85 246,1 84,1 86,1 46,1 135,1
Node 86 87,1 85,1 79,1
Node 87 88,1 371,1 86,1
Node 88 89,1 325,1 406,1 87,1
Node 89 88,1 90,1 15,1
Node 90 259,1 89,1 91,1 383,1 199,1
Node 91 384,1 220,1 90,1 92,1 446,1
Node 92 91,1 93,1
Node 93 200,1 193,1 92,1 94,1
Node 94 20,1 93,1 95,1
Node 95 48,1 96,1 94,1 104,1
Node 96 32,1 88,1 97,1 493,1 95,1
Node 97 96,1 98,1 22,1 375,1 313,1 252,1
Node 98 97,1 99,1 388,1
Node 99 0,1 300,1 98,1 100,1
Node 100 154,1 99,1 101,1 31,1
Node 101 80,1 180,1 102,1 100,1 299,1 188,1
Node 102 40,1 314,1 308,1 101,1 103,1
Node 103 104,1 209,1 93,1 102,1 95,1
Node 104 105,1 103,1 95,1
Node 105 289,1 290,1 469,1 104,1 106,1 363,1 285,1 430,1
Node 106 105,1 107,1 29,1
Node 107 106,1 108,1 463,1
Node 108 33,1 107,1 109,1 49,1
Node 109 56,1 108,1 110,1 78,1
Node 110 237,1 308,1 109,1 111,1
Node 111 112,1 76,1 110,1
Node 112 113,1 434,1 111,1
Node 113 112,1 114,1 171,1
Node 114 113,1 115,1 61,1 15,1
Node 115 289,1 114,1 116,1 337,1 87,1
Node 116 177,1 115,1 117,1
Node 117 326,1 116,1 181,1 118,1 137,1 10,1 436,1 223,1
Node 118 64,1 441,1 293,1 117,1 119,1
Node 119 120,1 274,1 406,1 118,1
Node 120 121,1 37,1 119,1
Node 121 120,1 369,1 122,1 483,1 458,1
Node 122 121,1 123,1
Node 123 74,1 124,1 122,1
Node 124 115,1 75,1 123,1 125,1 207,1
Node 125 105,1 124,1 326,1 126,1 217,1
Node 126 265,1 343,1 125,1 78,1 127,1
Node 127 128,1 126,1 71,1
Node 128 129,1 35,1 127,1
Node 129 128,1 130,1 244,1
Node 130 129,1 131,1 92,1 220,1 127,1
Node 131 58,1 267,1 132,1 130,1 39,1
Node 132 456,1 145,1 466,1 131,1 133,1
Node 133 402,1 132,1 134,1 135,1
Node 134 32,1 498,1 133,1 70,1 135,1 361,1 332,1
Node 135 136,1 85,1 134,1 133,1
Node 136 137,1 437,1 135,1
Node 137 136,1 138,1 117,1
Node 138 137,1 74,1 139,1 389,1
Node 139 321,1 138,1 140,1
Node 140 139,1 141,1
Node 141 83,1 140,1 142,1 227,1
Node 142 171,1 141,1 143,1
Node 143 144,1 426,1 142,1
Node 144 145,1 427,1 143,1
Node 145 144,1 200,1 146,1 132,1 469,1
Node 146 145,1 147,1
Node 147 146,1 323,1 148,1 351,1
Node 148 331,1 147,1 149,1
Node 149 20,1 148,1 150,1
Node 150 259,1 495,1 149,1 406,1 151,1
Node 151 152,1 491,1 150,1
Node 152 153,1 151,1
Node 153 152,1 320,1 154,1 207,1
Node 154 153,1 155,1 100,1
Node 155 432,1 154,1 156,1 61,1
Node 156 155,1 109,1 157,1
Node 157 156,1 76,1 158,1
Node 158 57,1 159,1 29,1 157,1
Node 159 160,1 158,1 22,1
Node 160 72,1 161,1 19,1 159,1
Node 161 160,1 162,1 37,1 22,1 44,1 434,1 175,1
Node 162 161,1 159,1 163,1 7,1
Node 163 162,1 164,1
Node 164 240,1 163,1 165,1
Node 165 164,1 490,1 76,1 317,1 166,1
Node 166 10,1 167,1 28,1 165,1 31,1
Node 167 78,1 166,1 168,1 202,1 493,1 318,1
Node 168 56,1 169,1 227,1 167,1
Node 169 168,1 58,1 170,1
Node 170 304,1 169,1 171,1
Node 171 113,1 170,1 172,1 142,1
Node 172 378,1 171,1 173,1
Node 173 9,1 463,1 172,1 174,1 153,1
Node 174 464,1 386,1 167,1 427,1 173,1 175,1
Node 175 176,1 161,1 447,1 174,1 344,1
Node 176 8,1 73,1 177,1 175,1
Node 177 176,1 178,1 116,1 151,1
Node 178 177,1 179,1 407,1
Node 179 178,1 180,1
Node 180 361,1 179,1 101,1 181,1
Node 181 180,1 117,1 182,1
Node 182 413,1 401,1 34,1 181,1 183,1
Node 183 184,1 308,1 182,1
Node 184 185,1 430,1 183,1
Node 185 184,1 186,1
Node 186 256,1 185,1 338,1 187,1
Node 187 411,1 50,1 163,1 188,1 186,1
Node 188 448,1 84,1 101,1 86,1 187,1 189,1
Node 189 276,1 188,1 190,1
Node 190 2,1 229,1 189,1 191,1
Node 191 192,1 106,1 190,1
Node 192 193,1 18,1 191,1
Node 193 192,1 194,1 28,1 93,1
Node 194 72,1 193,1 195,1
Node 195 41,1 194,1 196,1 385,1
Node 196 394,1 195,1 484,1 197,1
Node 197 16,1 323,1 196,1 198,1
Node 198 41,1 197,1 38,1 199,1
Node 199 448,1 470,1 198,1 200,1 90,1 61,1
Node 200 145,1 201,1 93,1 199,1
Node 201 200,1 202,1 398,1
Node 202 201,1 203,1 404,1 167,1
Node 203 114,1 91,1 380,1 202,1 171,1 204,1
Node 204 309,1 203,1 164,1 77,1 205,1
Node 205 204,1 206,1
Node 206 345,1 205,1 207,1
Node 207 208,1 153,1 124,1 206,1
Node 208 209,1 257,1 392,1 427,1 382,1 207,1
Node 209 208,1 210,1 60,1 103,1
Node 210 209,1 107,1 211,1
Node 211 340,1 212,1 210,1 52,1
Node 212 33,1 211,1 213,1 87,1
Node 213 0,1 212,1 214,1
Node 214 215,1 213,1 37,1
Node 215 216,1 214,1
Node 216 217,1 215,1
Node 217 216,1 218,1 125,1
Node 218 217,1 282,1 219,1 437,1
Node 219 368,1 241,1 195,1 100,1 220,1 218,1 76,1 141,1 157,1
Node 220 130,1 91,1 221,1 219,1
Node 221 129,1 220,1 222,1
Node 222 496,1 66,1 263,1 137,1 221,1 46,1 223,1
Node 223 224,1 370,1 158,1 117,1 327,1 222,1
Node 224 225,1 315,1 13,1 223,1
Node 225 224,1 226,1
Node 226 224,1 225,1 227,1 305,1
Node 227 168,1 226,1 228,1 141,1
Node 228 153,1 227,1 229,1 366,1
Node 229 228,1 230,1 190,1 453,1
Node 230 498,1 60,1 229,1 14,1 231,1
Node 231 232,1 90,1 197,1 230,1
Node 232 248,1 233,1 34,1 453,1 231,1
Node 233 232,1 234,1
Node 234 233,1 35,1 235,1
Node 235 234,1 163,1 236,1 47,1
Node 236 425,1 235,1 324,1 237,1
Node 237 358,1 236,1 238,1 110,1
Node 238 360,1 340,1 237,1 239,1
Node 239 240,1 401,1 66,1 238,1
Node 240 241,1 164,1 286,1 239,1
Node 241 240,1 236,1 242,1 219,1 76,1
Node 242 241,1 243,1 500,1
Node 243 242,1 244,1 286,1 111,1
Node 244 129,1 243,1 68,1 245,1
Node 245 496,1 244,1 37,1 246,1 119,1
Node 246 247,1 85,1 245,1
Node 247 248,1 454,1 246,1
Node 248 232,1 249,1 5,1 247,1
Node 249 248,1 81,1 250,1
Node 250 80,1 249,1 251,1 469,1
Node 251 250,1 354,1 252,1 237,1
Node 252 97,1 251,1 253,1
Node 253 254,1 252,1 13,1 46,1
Node 254 383,1 172,1 253,1 255,1
Node 255 256,1 353,1 366,1 254,1
Node 256 104,1 257,1 186,1 459,1 255,1
Node 257 208,1 256,1 250,1 258,1
Node 258 257,1 259,1 44,1 467,1
Node 259 90,1 260,1 258,1 150,1
Node 260 26,1 259,1 261,1
Node 261 260,1 262,1 374,1 438,1 105,1 394,1 490,1
Node 262 263,1 484,1 261,1 414,1 13,1
Node 263 264,1 262,1 222,1 429,1
Node 264 265,1 78,1 263,1
Node 265 264,1 266,1 126,1
Node 266 265,1 267,1 5,1
Node 267 266,1 131,1 268,1 14,1
Node 268 193,1 267,1 420,1 269,1
Node 269 268,1 270,1
Node 270 12,1 269,1 271,1
Node 271 272,1 17,1 270,1
Node 272 273,1 28,1 278,1 271,1
Node 273 272,1 274,1
Node 274 275,1 273,1 183,1 309,1 119,1
Node 275 348,1 274,1 276,1 382,1
Node 276 275,1 189,1 277,1
Node 277 276,1 189,1 278,1 31,1
Node 278 272,1 277,1 279,1
Node 279 280,1 145,1 426,1 52,1 278,1
Node 280 304,1 281,1 489,1 279,1
Node 281 280,1 73,1 2,1 282,1 61,1
Node 282 281,1 218,1 283,1 4,1
Node 283 435,1 152,1 282,1 284,1 138,1 175,1
Node 284 283,1 285,1 454,1
Node 285 105,1 82,1 284,1 286,1
Node 286 240,1 243,1 20,1 285,1 287,1
Node 287 288,1 286,1
Node 288 344,1 289,1 90,1 462,1 287,1
Node 289 288,1 105,1 290,1 115,1
Node 290 289,1 291,1 148,1 260,1 105,1 14,1
Node 291 74,1 292,1 290,1
Node 292 298,1 210,1 291,1 293,1
Node 293 294,1 292,1 102,1 118,1
Node 294 250,1 19,1 293,1 295,1
Node 295 296,1 424,1 171,1 93,1 294,1
Node 296 297,1 135,1 295,1
Node 297 296,1 336,1 298,1
Node 298 297,1 138,1 299,1 292,1
Node 299 432,1 298,1 300,1 101,1
Node 300 299,1 82,1 99,1 301,1
Node 301 251,1 300,1 29,1 302,1
Node 302 65,1 379,1 244,1 301,1 303,1
Node 303 304,1 233,1 346,1 461,1 302,1
Node 304 280,1 305,1 170,1 303,1
Node 305 32,1 304,1 226,1 306,1
Node 306 81,1 307,1 102,1 305,1
Node 307 306,1 308,1 486,1
Node 308 64,1 307,1 309,1 102,1 183,1 110,1
Node 309 308,1 274,1 204,1 310,1
Node 310 48,1 309,1 311,1
Node 311 312,1 281,1 310,1
Node 312 313,1 103,1 62,1 311,1
Node 313 312,1 97,1 314,1 384,1 418,1
Node 314 313,1 315,1 102,1 383,1
Node 315 224,1 314,1 316,1
Node 316 104,1 315,1 317,1 390,1
Node 317 379,1 316,1 165,1 318,1
Node 318 80,1 319,1 317,1 167,1
Node 319 320,1 318,1 167,1
Node 320 153,1 321,1 319,1
Node 321 320,1 322,1 139,1 438,1
Node 322 321,1 323,1 103,1
Node 323 324,1 322,1 147,1 4,1 197,1
Node 324 80,1 323,1 236,1 325,1
Node 325 88,1 324,1 326,1
Node 326 327,1 117,1 325,1 125,1
Node 327 328,1 83,1 326,1 223,1
Node 328 233,1 45,1 329,1 327,1
Node 329 328,1 330,1 485,1 423,1
Node 330 329,1 331,1 45,1
Node 331 332,1 330,1 148,1 461,1
Node 332 432,1 331,1 333,1 134,1
Node 333 332,1 334,1
Node 334 256,1 492,1 333,1 335,1
Node 335 336,1 131,1 284,1 334,1
Node 336 297,1 23,1 337,1 335,1
Node 337 336,1 338,1 115,1
Node 338 337,1 186,1 339,1 476,1
Node 339 466,1 338,1 340,1 59,1 28,1 242,1
Node 340 339,1 211,1 341,1 238,1
Node 341 340,1 67,1 68,1 342,1 79,1
Node 342 354,1 343,1 484,1 69,1 341,1
Node 343 344,1 342,1 126,1
Node 344 288,1 345,1 343,1 175,1
Node 345 344,1 346,1 77,1 206,1
Node 346 228,1 230,1 345,1 347,1 158,1 303,1
Node 347 296,1 348,1 346,1 124,1 34,1
Node 348 232,1 347,1 275,1 349,1 214,1
Node 349 348,1 350,1 302,1 119,1
Node 350 375,1 351,1 349,1 287,1
Node 351 352,1 147,1 430,1 350,1
Node 352 353,1 18,1 66,1 351,1
Node 353 352,1 354,1 334,1 255,1
Node 354 355,1 353,1 251,1 342,1
Node 355 354,1 356,1 343,1
Node 356 328,1 352,1 138,1 355,1 357,1
Node 357 156,1 356,1 317,1 358,1 257,1
Node 358 368,1 359,1 237,1 357,1
Node 359 18,1 358,1 199,1 360,1 10,1 159,1
Node 360 488,1 361,1 238,1 359,1
Node 361 360,1 82,1 180,1 362,1 134,1
Node 362 361,1 330,1 363,1 433,1
Node 363 105,1 362,1 347,1 364,1
Node 364 0,1 233,1 394,1 363,1 365,1 127,1
Node 365 364,1 453,1 366,1
Node 366 367,1 228,1 365,1 255,1
Node 367 368,1 366,1 46,1
Node 368 369,1 219,1 12,1 358,1 367,1
Node 369 72,1 121,1 370,1 368,1
Node 370 369,1 371,1 223,1
Node 371 370,1 255,1 372,1 87,1
Node 372 371,1 373,1 135,1
Node 373 27,1 372,1 374,1
Node 374 24,1 375,1 261,1 373,1
Node 375 376,1 97,1 374,1 350,1
Node 376 272,1 377,1 291,1 375,1
Node 377 376,1 378,1 67,1
Node 378 320,1 246,1 377,1 379,1 172,1 415,1
Node 379 378,1 380,1 317,1 302,1
Node 380 379,1 203,1 381,1 63,1
Node 381 48,1 380,1 382,1 14,1
Node 382 208,1 275,1 381,1 383,1
Node 383 384,1 254,1 90,1 78,1 314,1 382,1
Node 384 385,1 313,1 91,1 383,1
Node 385 384,1 83,1 195,1 395,1 386,1
Node 386 56,1 385,1 387,1 174,1
Node 387 388,1 386,1 84,1 394,1
Node 388 98,1 387,1 20,1 389,1
Node 389 138,1 388,1 390,1
Node 390 391,1 316,1 389,1 31,1
Node 391 320,1 392,1 274,1 290,1 390,1
Node 392 208,1 5,1 391,1 393,1 46,1 69,1
Node 393 392,1 185,1 394,1 36,1 174,1
Node 394 387,1 196,1 261,1 393,1 395,1 364,1
Node 395 385,1 420,1 104,1 394,1 396,1 206,1
Node 396 16,1 393,1 395,1 397,1
Node 397 83,1 396,1 398,1
Node 398 201,1 399,1 397,1 167,1
Node 399 400,1 283,1 356,1 398,1 71,1
Node 400 401,1 454,1 399,1
Node 401 400,1 402,1 182,1 239,1
Node 402 392,1 401,1 403,1 133,1 137,1
Node 403 120,1 402,1 404,1 10,1
Node 404 202,1 403,1 405,1 6,1
Node 405 16,1 137,1 404,1 406,1
Node 406 88,1 407,1 405,1 150,1 119,1
Node 407 408,1 178,1 309,1 406,1
Node 408 409,1 442,1 175,1 21,1 407,1
Node 409 408,1 476,1 410,1 220,1 77,1
Node 410 409,1 194,1 411,1 113,1
Node 411 410,1 187,1 412,1 110,1
Node 412 411,1 413,1
Node 413 43,1 412,1 414,1 182,1
Node 414 413,1 262,1 415,1
Node 415 416,1 378,1 405,1 414,1 151,1
Node 416 417,1 249,1 250,1 415,1 285,1 93,1
Node 417 416,1 418,1
Node 418 313,1 26,1 47,1 419,1 417,1
Node 419 418,1 59,1 420,1
Node 420 395,1 268,1 419,1 421,1
Node 421 420,1 422,1
Node 422 83,1 421,1 423,1
Node 423 424,1 73,1 422,1 329,1
Node 424 425,1 423,1 295,1
Node 425 424,1 264,1 426,1 211,1 236,1
Node 426 425,1 74,1 279,1 427,1 143,1
Node 427 144,1 208,1 426,1 428,1 174,1
Node 428 427,1 429,1
Node 429 263,1 428,1 430,1 55,1
Node 430 66,1 184,1 105,1 431,1 429,1 351,1
Node 431 432,1 59,1 430,1 46,1
Node 432 299,1 155,1 332,1 433,1 431,1
Node 433 432,1 362,1 475,1 434,1
Node 434 112,1 161,1 435,1 433,1
Node 435 434,1 283,1 436,1
Node 436 466,1 435,1 437,1 301,1 126,1 117,1
Node 437 136,1 218,1 436,1 438,1
Node 438 321,1 439,1 261,1 437,1
Node 439 440,1 438,1 343,1
Node 440 441,1 10,1 14,1 439,1
Node 441 440,1 442,1 411,1 118,1 439,1
Node 442 408,1 441,1 155,1 443,1 167,1
Node 443 2,1 444,1 442,1 359,1
Node 444 136,1 443,1 60,1 445,1
Node 445 444,1 446,1
Node 446 394,1 91,1 445,1 447,1
Node 447 448,1 446,1 175,1
Node 448 449,1 447,1 188,1 199,1
Node 449 448,1 450,1
Node 450 449,1 451,1 262,1 154,1 346,1 141,1 175,1
Node 451 161,1 450,1 452,1 425,1
Node 452 440,1 122,1 451,1 453,1
Node 453 232,1 452,1 229,1 454,1 365,1
Node 454 400,1 455,1 284,1 453,1 247,1
Node 455 290,1 454,1 358,1 71,1 456,1 233,1
Node 456 457,1 34,1 132,1 455,1
Node 457 456,1 290,1 458,1
Node 458 121,1 459,1 65,1 457,1
Node 459 256,1 458,1 460,1 37,1
Node 460 90,1 459,1 60,1 397,1 461,1
Node 461 331,1 460,1 462,1 303,1
Node 462 288,1 112,1 163,1 463,1 227,1 295,1 461,1 413,1
Node 463 464,1 107,1 173,1 462,1
Node 464 465,1 140,1 174,1 463,1
Node 465 464,1 466,1 493,1 199,1
Node 466 436,1 339,1 132,1 467,1 465,1
Node 467 258,1 67,1 468,1 466,1
Node 468 467,1 469,1
Node 469 105,1 250,1 468,1 470,1 145,1
Node 470 264,1 471,1 469,1 199,1
Node 471 472,1 193,1 470,1
Node 472 473,1 12,1 471,1
Node 473 472,1 362,1 156,1 474,1
Node 474 473,1 475,1 37,1
Node 475 433,1 474,1 476,1
Node 476 409,1 338,1 475,1 477,1
Node 477 75,1 476,1 478,1
Node 478 477,1 479,1
Node 479 480,1 396,1 365,1 478,1
Node 480 481,1 34,1 479,1
Node 481 480,1 482,1 317,1 407,1
Node 482 481,1 483,1 334,1 151,1
Node 483 121,1 482,1 484,1
Node 484 32,1 483,1 196,1 262,1 342,1 485,1
Node 485 329,1 484,1 486,1 78,1
Node 486 394,1 307,1 487,1 485,1 15,1
Node 487 488,1 486,1
Node 488 360,1 489,1 487,1
Node 489 280,1 488,1 490,1
Node 490 489,1 491,1 165,1 261,1
Node 491 492,1 490,1 44,1 151,1
Node 492 491,1 493,1 334,1
Node 493 96,1 465,1 492,1 494,1 167,1
Node 494 106,1 495,1 493,1 373,1
Node 495 496,1 308,1 78,1 494,1 150,1
Node 496 497,1 245,1 222,1 495,1
Node 497 496,1 498,1 428,1 254,1 6,1
Node 498 497,1 499,1 230,1 134,1
Node 499 73,1 498,1 19,1 500,1
